0 74.53561415712697 4109.913459889123 3047.9957068357057 2266.911731360042 973.5388173508504 4190.100799370928 3301.893396219811 4757.742197606854 3044.3481805543315
74.53561415712697 0 4069.7051490249282 2999.4907299221477 2213.594362117867 900.617093380362 4137.397248808054 3238.5267681119735 4701.359128899738 2969.8952774279605
4109.913459889123 4069.7051490249282 0 1172.3669941144244 1972.9419656948858 3496.2280930867328 891.0043851993363 1814.907357905019 1415.4896745963517 3672.797925136761
3047.9957068357057 2999.4907299221477 1172.3669941144244 0 816.6666999999998 2350.0 1172.1300771577264 994.7081878062967 1796.6789885168073 2648.3748106674375
2266.911731360042 2213.594362117867 1972.9419656948858 816.6666999999998 0 1533.3333000000002 1923.8994501907957 1188.0188835947754 2497.2206628347617 2208.380533080496
973.5388173508504 900.617093380362 3496.2280930867328 2350.0 1533.3333000000002 0 3416.829291576882 2409.7602326557067 3935.38078180216 2113.777577650446
4190.100799370928 4137.397248808054 891.0043851993363 1172.1300771577264 1923.8994501907957 3416.829291576882 0 1233.3333648648647 650.8540969799302 3086.3499657542284
3301.893396219811 3238.5267681119735 1814.907357905019 994.7081878062967 1188.0188835947754 2409.7602326557067 1233.3333648648647 0 1586.4880519212525 1876.7584992333072
4757.742197606854 4701.359128899738 1415.4896745963517 1796.6789885168073 2497.2206628347617 3935.38078180216 650.8540969799302 1586.4880519212525 0 3285.3631816825923
3044.3481805543315 2969.8952774279605 3672.797925136761 2648.3748106674375 2208.380533080496 2113.777577650446 3086.3499657542284 1876.7584992333072 3285.3631816825923 0
