0 74.53561415712697 4109.913459889123 3047.9957068357057 2266.911731360042 973.5388173508504 4190.100799370928 3301.893396219811 4757.742197606854 3044.3481805543315 3094.978054490498 3986.2611491081325 5092.505430095836 6406.149567403533 5903.388857258176
74.53561415712697 0 4069.7051490249282 2999.4907299221477 2213.594362117867 900.617093380362 4137.397248808054 3238.5267681119735 4701.359128899738 2969.8952774279605 3020.6695608019695 3913.8287768430096 5023.749200326167 6336.659395844507 5828.855408892708
4109.913459889123 4069.7051490249282 0 1172.3669941144244 1972.9419656948858 3496.2280930867328 891.0043851993363 1814.907357905019 1415.4896745963517 3672.797925136761 3777.1608458676424 2995.6449246271563 2876.147144667287 3903.8017878658316 5055.827179382001
3047.9957068357057 2999.4907299221477 1172.3669941144244 0 816.6666999999998 2350.0 1172.1300771577264 994.7081878062967 1796.6789885168073 2648.3748106674375 2755.0458542261854 2315.2873207828384 2719.885649965619 3972.3840546676493 4546.824255333482
2266.911731360042 2213.594362117867 1972.9419656948858 816.6666999999998 0 1533.3333000000002 1923.8994501907957 1188.0188835947754 2497.2206628347617 2208.380533080496 2311.8054233770545 2324.088809500283 3087.834598513623 4400.104389550827 4557.289613111917
973.5388173508504 900.617093380362 3496.2280930867328 2350.0 1533.3333000000002 0 3416.829291576882 2409.7602326557067 3935.38078180216 2113.777577650446 2175.1117554941607 3013.5342818321765 4141.2894065603405 5448.662089704021 4954.907749785951
4190.100799370928 4137.397248808054 891.0043851993363 1172.1300771577264 1923.8994501907957 3416.829291576882 0 1233.3333648648647 650.8540969799302 3086.3499657542284 3184.380297465881 2202.271554554524 1986.7618112004425 3063.531296813463 4179.7461488574745
3301.893396219811 3238.5267681119735 1814.907357905019 994.7081878062967 1188.0188835947754 2409.7602326557067 1233.3333648648647 0 1586.4880519212525 1876.7584992333072 1978.5656895280945 1320.7741778551283 1899.853851104229 3213.1762883390734 3555.629339512205
4757.742197606854 4701.359128899738 1415.4896745963517 1796.6789885168073 2497.2206628347617 3935.38078180216 650.8540969799302 1586.4880519212525 0 3285.3631816825923 3373.5078470998783 2177.21784292605 1576.3002202767275 2490.66626249105 3883.655193099523
3044.3481805543315 2969.8952774279605 3672.797925136761 2648.3748106674375 2208.380533080496 2113.777577650446 3086.3499657542284 1876.7584992333072 3285.3631816825923 0 106.7186696152543 1359.7385892557131 2673.844539027819 3821.569146902298 2863.8066702283577
3094.978054490498 3020.6695608019695 3777.1608458676424 2755.0458542261854 2311.8054233770545 2175.1117554941607 3184.380297465881 1978.5656895280945 3373.5078470998783 106.7186696152543 0 1411.95293791574 2723.610729854357 3850.6025988653896 2824.102565024467
3986.2611491081325 3913.8287768430096 2995.6449246271563 2315.2873207828384 2324.088809500283 3013.5342818321765 2202.271554554524 1320.7741778551283 2177.21784292605 1359.7385892557131 1411.95293791574 0 1314.2382487374398 2510.057857212771 2250.2468995398904
5092.505430095836 5023.749200326167 2876.147144667287 2719.885649965619 3087.834598513623 4141.2894065603405 1986.7618112004425 1899.853851104229 1576.3002202767275 2673.844539027819 2723.610729854357 1314.2382487374398 0 1321.7628393130476 2330.29558544738
6406.149567403533 6336.659395844507 3903.8017878658316 3972.3840546676493 4400.104389550827 5448.662089704021 3063.531296813463 3213.1762883390734 2490.66626249105 3821.569146902298 3850.6025988653896 2510.057857212771 1321.7628393130476 0 2350.1598668908555
5903.388857258176 5828.855408892708 5055.827179382001 4546.824255333482 4557.289613111917 4954.907749785951 4179.7461488574745 3555.629339512205 3883.655193099523 2863.8066702283577 2824.102565024467 2250.2468995398904 2330.29558544738 2350.1598668908555 0
