0 372.0941512342277 560.3036477804213 369.5885219310938 750.9442793683478 329.00992474430154 518.915227347245 398.05908930741793 762.5924801476758 768.5665162423433 531.7154689607029 805.543362068638 522.325706856566 562.4393513367465 874.1495302702002 487.4161494396466 604.5825513382958 721.80813336294 906.3780861650702 466.9851611436954
372.0941512342277 0 195.13370816373165 150.17087690897196 412.0751973282144 304.65231747552673 279.2219121897825 336.8792799128033 457.39748869063504 463.21684750087456 363.1117102538266 509.69384658530015 402.3579706930723 403.43123755120735 568.5201250116028 428.79387073540425 418.96449730257575 487.29734999140663 608.7579581552022 609.1616651970829
560.3036477804213 195.13370816373165 0 232.89721626863317 228.67188706113362 399.5372815466377 236.06025657566252 398.1167176396862 298.7945602802888 303.8951227372041 343.47375331464474 353.8206448676658 403.79066493223485 377.44184922078966 401.26846233438454 460.223378130425 368.6086380725907 383.6115022043248 444.92627138565723 703.4787104669558
369.5885219310938 150.17087690897196 232.89721626863317 0 384.9619376407208 171.80601090392574 161.3375071582867 190.2210544486594 393.6726134496162 399.66810659858805 221.77471652307406 438.53759498593917 254.1442121835927 261.8207126293292 505.8858015866032 278.8957163949656 285.5172206218231 376.707048556434 539.9064580731947 480.82056246601326
750.9442793683478 412.0751973282144 228.67188706113362 384.9619376407208 0 509.6337902096542 275.8054843835544 476.8056322361329 108.7711989271523 110.62390494680542 353.6962313628042 155.12064890287795 418.03711001019644 367.7137123287224 181.21781636787483 493.7189667947153 331.2011092268412 264.6593704097382 226.4586062521846 773.0573966920268
329.00992474430154 304.65231747552673 399.5372815466377 171.80601090392574 509.6337902096542 0 236.75180874589202 69.18455654407245 485.634763600477 491.17150925738855 211.0279299869318 517.8515192064737 193.4428527441113 236.7985034075371 589.0246889331889 165.6788116309999 282.4173711782095 407.62964134883555 613.7063093699642 309.2105941938801
518.915227347245 279.2219121897825 236.06025657566252 161.3375071582867 275.8054843835544 236.75180874589202 0 201.19879287185466 251.10283437687298 256.83407103265927 107.44258291506642 288.6282210734079 169.48658321203587 142.2225250213939 358.8266010705008 233.96231584290013 143.17448532095722 215.7187301631677 388.4068745974637 502.67999785840664
398.05908930741793 336.8792799128033 398.1167176396862 190.2210544486594 476.8056322361329 69.18455654407245 201.19879287185466 0 440.3472045576438 445.5875345755773 150.8908179593762 467.71130973399926 124.96167461850081 171.65133142579933 538.8055054389853 101.50106938559983 219.32217907583018 347.48046703252345 560.3810863440185 307.3756646451576
762.5924801476758 457.39748869063504 298.7945602802888 393.6726134496162 108.7711989271523 485.634763600477 251.10283437687298 440.3472045576438 0 6.009233635829901 299.1393893269857 55.04273732382792 357.84218669722213 302.3061407388244 112.8888537019034 435.7575767741202 258.0279736007336 165.1976706521301 151.37284116779463 718.571871122957
768.5665162423433 463.21684750087456 303.8951227372041 399.66810659858805 110.62390494680542 491.17150925738855 256.83407103265927 445.5875345755773 6.009233635829901 0 303.9038081346991 50.15792602580435 362.25517621058196 306.5430428158044 106.88956776757948 440.1866647959743 261.9049089052191 166.77080080157918 145.5412748719782 722.9903084660388
531.7154689607029 363.1117102538266 343.47375331464474 221.77471652307406 353.6962313628042 211.0279299869318 107.44258291506642 150.8908179593762 299.1393893269857 303.9038081346991 0 320.74812099755644 65.71659772119582 40.35531158150049 391.30459695583875 140.04681635656777 72.87369637571805 197.02441751917647 410.6917738837884 421.3280066177678
805.543362068638 509.69384658530015 353.8206448676658 438.53759498593917 155.12064890287795 517.8515192064737 288.6282210734079 467.71130973399926 55.04273732382792 50.15792602580435 320.74812099755644 0 374.2418594824625 317.14905505686636 71.21189953799582 451.7498685495935 269.3220641665325 155.64108725915065 101.44522529212547 733.2957140519304
522.325706856566 402.3579706930723 403.79066493223485 254.1442121835927 418.03711001019644 193.4428527441113 169.48658321203587 124.96167461850081 357.84218669722213 362.25517621058196 65.71659772119582 374.2418594824625 0 57.354195278546236 443.4338884987689 77.94029037795957 106.97038880105919 236.4574690961566 458.63471454167103 360.7359374927513
562.4393513367465 403.43123755120735 377.44184922078966 261.8207126293292 367.7137123287224 236.7985034075371 142.2225250213939 171.65133142579933 302.3061407388244 306.5430428158044 40.35531158150049 317.14905505686636 57.354195278546236 0 386.15106659773903 134.6095894810251 49.99150859996347 180.02085045563732 401.3562780678193 416.86013616495126
874.1495302702002 568.5201250116028 401.26846233438454 505.8858015866032 181.21781636787483 589.0246889331889 358.8266010705008 538.8055054389853 112.8888537019034 106.88956776757948 391.30459695583875 71.21189953799582 443.4338884987689 386.15106659773903 0 520.5566857926832 337.55532219654015 217.0901326581642 45.29141928114195 801.0664936296214
487.4161494396466 428.79387073540425 460.223378130425 278.8957163949656 493.7189667947153 165.6788116309999 233.96231584290013 101.50106938559983 435.7575767741202 440.1866647959743 140.04681635656777 451.7498685495935 77.94029037795957 134.6095894810251 520.5566857926832 0 183.1237725699501 310.62277261044767 534.4702369382636 282.8146487750075
604.5825513382958 418.96449730257575 368.6086380725907 285.5172206218231 331.2011092268412 282.4173711782095 143.17448532095722 219.32217907583018 258.0279736007336 261.9049089052191 72.87369637571805 269.3220641665325 106.97038880105919 49.99150859996347 337.55532219654015 183.1237725699501 0 130.07897911903393 351.7270776003617 463.9737744158429
721.80813336294 487.29734999140663 383.6115022043248 376.707048556434 264.6593704097382 407.62964134883555 215.7187301631677 347.48046703252345 165.1976706521301 166.77080080157918 197.02441751917647 155.64108725915065 236.4574690961566 180.02085045563732 217.0901326581642 310.62277261044767 130.07897911903393 0 225.0006859797543 586.953965516731
906.3780861650702 608.7579581552022 444.92627138565723 539.9064580731947 226.4586062521846 613.7063093699642 388.4068745974637 560.3810863440185 151.37284116779463 145.5412748719782 410.6917738837884 101.44522529212547 458.63471454167103 401.3562780678193 45.29141928114195 534.4702369382636 351.7270776003617 225.0006859797543 0 811.9492516488319
466.9851611436954 609.1616651970829 703.4787104669558 480.82056246601326 773.0573966920268 309.2105941938801 502.67999785840664 307.3756646451576 718.571871122957 722.9903084660388 421.3280066177678 733.2957140519304 360.7359374927513 416.86013616495126 801.0664936296214 282.8146487750075 463.9737744158429 586.953965516731 811.9492516488319 0
