0 372.0941512342277 560.3036477804213 369.5885219310938 750.9442793683478 329.00992474430154 518.915227347245 398.05908930741793
372.0941512342277 0 195.13370816373165 150.17087690897196 412.0751973282144 304.65231747552673 279.2219121897825 336.8792799128033
560.3036477804213 195.13370816373165 0 232.89721626863317 228.67188706113362 399.5372815466377 236.06025657566252 398.1167176396862
369.5885219310938 150.17087690897196 232.89721626863317 0 384.9619376407208 171.80601090392574 161.3375071582867 190.2210544486594
750.9442793683478 412.0751973282144 228.67188706113362 384.9619376407208 0 509.6337902096542 275.8054843835544 476.8056322361329
329.00992474430154 304.65231747552673 399.5372815466377 171.80601090392574 509.6337902096542 0 236.75180874589202 69.18455654407245
518.915227347245 279.2219121897825 236.06025657566252 161.3375071582867 275.8054843835544 236.75180874589202 0 201.19879287185466
398.05908930741793 336.8792799128033 398.1167176396862 190.2210544486594 476.8056322361329 69.18455654407245 201.19879287185466 0
